2 2.4226458520436407
1 2.415949435685004
3 2.3898257873736823
4 2.2904683750867
5 2.220956191818992
8 2.0923173251785903
6 2.042793481113919
9 1.9992709732133052
7 1.9556517505977538
12 1.9460516224325373
10 1.942507175738497
14 1.9180992979456621
11 1.9174860337100694
13 1.915445443690547
15 1.8816395113147584
21 1.8561697885997936
19 1.8383915761389027
18 1.8333001411970047
16 1.7943556931115854
20 1.781587644964509
17 1.7556435952568146
25 1.7293412546314189
23 1.7167298262312336
27 1.7088941608666688
22 1.7027855756970514
31 1.6834758216774284
28 1.6813479264745717
24 1.6787181214900673
26 1.646212055378264
35 1.6150146003770187
41 1.6136354768244252
29 1.6068164913503329
44 1.601400778182379
36 1.5853545587147015
34 1.5808006336699747
30 1.5677107851825087
32 1.5443660445710121
39 1.537346009019332
38 1.500306373911169
46 1.4973032406014717
40 1.4914716400262626
37 1.4873459633160293
48 1.4830201832600736
33 1.475759276336491
45 1.4526351326275309
42 1.411508814969983
50 1.3847395018212172
43 1.3481734365999472
56 1.3165218516867023
49 1.3006311907650774
68 1.2888466498643851
59 1.2869775120085445
52 1.2867224119881435
55 1.2791842307849166
58 1.2742598468104287
51 1.27161095819808
69 1.23413522170902
47 1.2027378099424815
122 1.1933719312441964
71 1.1899879431262284
57 1.1572151792698728
63 1.154498998366922
76 1.14564119000131
54 1.1413167832464284
83 1.1406862802088735
70 1.14058786768599
67 1.1328509164858158
65 1.1128298222967252
61 1.0916973858917256
75 1.0750314539754817
82 1.0566145001016696
74 1.0533873489397187
66 1.0487841297834852
60 1.0482297211112914
80 1.0456285214339653
111 1.0373118413147935
72 1.035170480022955
101 1.0280812349349049
73 1.0248358161155318
97 1.0240338554066808
79 1.022522617423026
78 1.0206674553841097
81 1.0160514649324675
85 1.0157796390103184
86 1.0110780648000084
53 1.0059473626170823
84 1.0046104677268695
90 0.9998725392934324
62 0.9879117499761205
64 0.9804205346509464
77 0.9738717829202009
103 0.9706367990253438
93 0.9597838230706778
96 0.9434539901613791
154 0.9424247030927693
92 0.9411076442926933
89 0.936654629545497
121 0.9232693182705743
87 0.9177112835002937
88 0.91356979002018
102 0.9048809194696162
112 0.9038375604765565
175 0.8891657358822272
113 0.8651853760124477
95 0.8644114188588551
124 0.8590709136445456
105 0.8562317346474198
133 0.8462790438959584
100 0.8378368995363475
107 0.8291995627648201
91 0.8231555410806111
104 0.8193205548105381
98 0.8015139714960278
115 0.7917783380332993
114 0.7887687902749478
106 0.7843619923836476
147 0.7843178453256732
150 0.7774749947564823
142 0.7756268786087379
128 0.775492419782708
120 0.7723125910565785
135 0.7701350836052239
145 0.7548560847666307
94 0.7531295467203236
117 0.7503996801689679
123 0.7503122152852488
116 0.749038445886135
99 0.7474480100066688
110 0.7393851892715525
125 0.7361335984141515
166 0.7336190391510081
139 0.732781815215356
164 0.7275889293966773
118 0.7270767800973511
161 0.7239449506916602
109 0.7143208029929544
151 0.7034473613170031
119 0.6965962052702829
148 0.6963768385349351
137 0.6857882952496184
155 0.6819366683827719
108 0.6732011226841625
130 0.6596987703400861
131 0.6464428406416189
126 0.638334975376227
132 0.635875790075572
138 0.6350713688811344
170 0.6167325214857884
160 0.6124715795121654
152 0.6073261475154748
181 0.6031646615403847
127 0.6007147295108773
141 0.599058891994576
167 0.5940875618316943
149 0.5655247405184463
146 0.5617685675866848
136 0.5614678291664128
140 0.5553484328594522
129 0.5535255382334708
153 0.5457285409256368
191 0.5443691658603524
156 0.5437910808962702
163 0.5323521919414478
157 0.5303407269249526
134 0.5040336665227018
188 0.48751962144772476
169 0.4607424674443257
144 0.4560793375129142
173 0.45103280609480845
174 0.44881396888336456
165 0.4464402938765728
171 0.4405610005425705
168 0.4292131896758866
200 0.3887601035173778
162 0.381519611221636
184 0.34777918509112926
179 0.31792231759688705
201 0.31748698276608367
194 0.31590108873841993
143 0.30750310717874363
187 0.30573260117732637
159 0.2849214359179364
178 0.27872111135817224
190 0.2784775564360976
193 0.25933484227792214
204 0.24464681347010175
192 0.23654104362558137
186 0.22888224367077126
189 0.21713963470830233
158 0.20380265735093295
172 0.19740747431564987
199 0.18026399890921596
182 0.17044949384572405
203 0.16328186548307655
196 0.15878823463165892
177 0.14970528849517306
202 0.14245013178344068
176 0.1250748073030885
180 0.1167654276262382
185 0.10848269236081909
198 0.10669274782724592
183 0.08895085175967954
195 0.03910411223856136
197 0.0034371271749396026
205 0.0
